0.014869 0.012494
0.014869 0.015329
0.014869 0.018165
0.014869 0.021000
0.014869 0.023835
0.014869 0.026670
0.014869 0.029505
0.014869 0.032340
0.014869 0.035175
0.014869 0.038010
0.014869 0.040845
0.014869 0.043680
0.014869 0.046515
0.014869 0.049351
0.014869 0.052186
0.014869 0.055021
0.014869 0.057856
0.014869 0.060691
0.014869 0.063526
0.014869 0.066361
0.014869 0.069196
0.014869 0.072031
0.014869 0.074866
0.014869 0.077701
0.014869 0.080537
0.014869 0.083372
0.014869 0.086207
0.014869 0.089042
0.014869 0.091877
0.014869 0.094712
0.014869 0.097547
0.014869 0.100382
0.014869 0.103217
0.014869 0.106052
0.014869 0.108887
0.014869 0.111723
0.014869 0.114558
0.014869 0.117393
0.014869 0.120228
0.014869 0.123063
0.014869 0.125898
0.014869 0.128733
0.014869 0.131568
0.014869 0.134403
0.014869 0.137238
0.014869 0.140073
0.014869 0.142909
0.014869 0.145744
0.014869 0.148579
0.014869 0.151414
0.014869 0.154249
0.014869 0.157084
0.014869 0.159919
0.014869 0.162754
0.014869 0.165589
0.014869 0.168424
0.014869 0.171259
0.014869 0.174095
0.014869 0.176930
0.014869 0.179765
0.014869 0.182600
0.014869 0.185435
0.014869 0.188270
0.014869 0.191105
0.014869 0.193940
0.014869 0.196775
0.014869 0.199610
0.014869 0.202445
0.014869 0.205281
0.014869 0.208116
0.014869 0.210951
0.015743 0.226450
0.014869 0.216788
0.016618 0.245647
0.014869 0.222791
0.014869 0.225626
0.018367 0.282629
0.014869 0.231964
0.014869 0.234799
0.014869 0.237634
0.015743 0.254703
0.014869 0.243471
0.014869 0.246306
0.014869 0.249141
0.014869 0.251976
0.014869 0.254811
0.015743 0.272890
0.014869 0.260648
0.017492 0.310275
0.016618 0.298395
0.014869 0.269987
0.017492 0.321262
0.014869 0.276158
0.018367 0.345050
0.016618 0.315916
0.014869 0.285664
0.014869 0.288499
0.014869 0.291334
0.015743 0.311561
0.016618 0.332318
0.014869 0.300339
0.016618 0.339028
0.014869 0.306343
0.015743 0.327453
0.014869 0.312180
0.020116 0.426874
0.017492 0.375413
0.017492 0.379337
0.018367 0.402527
0.033236 0.739379
0.016618 0.375002
0.019242 0.438637
0.014869 0.342199
0.017492 0.406216
0.014869 0.348369
0.014869 0.351204
0.014869 0.354039
0.025364 0.610493
0.020116 0.490050
0.014869 0.365546
0.014869 0.368382
0.020116 0.502911
0.016618 0.419363
0.014869 0.378221
0.014869 0.381056
0.014869 0.383891
0.014869 0.386726
0.014869 0.389561
0.032361 0.857669
0.034985 0.942317
0.014869 0.405238
0.014869 0.408073
0.014869 0.410908
0.014869 0.413743
0.014869 0.416578
0.014869 0.419413
0.014869 0.422248
0.014869 0.425083
0.014869 0.427918
0.015743 0.456180
0.014869 0.433755
0.016618 0.488140
0.039358 1.170249
0.026239 0.791202
0.015743 0.478959
0.018367 0.562803
0.015743 0.485846
0.015743 0.489024
0.021865 0.684473
0.017492 0.551993
0.018367 0.583816
0.019242 0.616257
0.015743 0.507742
0.014869 0.482452
0.019242 0.628558
0.017492 0.575537
0.021865 0.724939
0.014869 0.496461
0.020116 0.676195
0.014869 0.503132
0.014869 0.505967
0.014869 0.508802
0.014869 0.511637
0.014869 0.514472
0.014869 0.517307
0.015743 0.550827
0.018367 0.646649
0.014869 0.526646
0.014869 0.529481
0.014869 0.532316
0.019242 0.693089
0.014869 0.538821
0.017492 0.637536
0.015743 0.577138
0.014869 0.547993
0.014869 0.550828
0.019242 0.717045
0.014869 0.557332
0.015743 0.593206
0.014869 0.563169
0.014869 0.566004
0.018367 0.703096
0.014869 0.572341
0.014869 0.575176
0.016618 0.646199
0.020991 0.821314
0.014869 0.585183
0.014869 0.588018
0.014869 0.590853
0.015743 0.628699
0.014869 0.596690
0.077841 3.170120
0.049853 2.071121
0.034985 1.472450
0.034985 1.488146
0.014869 0.637215
0.014869 0.640050
0.014869 0.642885
0.014869 0.645720
0.014869 0.648555
0.017492 0.766636